# Created by Octave 4.2.1, Mon Jan 22 10:29:36 2018 GMT <unknown@unknown>
# name: Theta2
# type: matrix
# rows: 10
# columns: 26
 -2.369192146748035 -9.45649282512321 4.928018070972377 -7.553981368501084 6.3001591610141 -12.25519570074903 -7.671522068008902 -1.732492801123676 -4.732026411299564 -8.28952531912409 1.72589172540239 3.308422068389104 -10.64781001786608 -2.310153169614098 -2.39736549359319 5.923307946157506 11.00966506219551 -1.328277112024342 -2.168105414070825 6.659822498512554 0.3852082328684 -11.57284092627523 8.823893938461842 4.135945364829576 -4.892080902833681 3.43539395814744
 -10.68779665346142 9.654939403771278 9.44343862693793 -10.5633233898111 -9.230680717501007 0.8765249678069214 -6.449587574874514 0.4901578895730994 2.094575029598568 1.062769762005679 -12.80037187169143 9.671303800827566 -8.354899077518608 -10.8621498056952 -10.4017208319793 5.57511562485525 -13.82541620819502 5.315271000122767 -11.75683226453744 6.48955005067774 -7.898792925460905 8.463429076951295 -6.940727296050234 0.7641185180427905 10.89767717928216 -5.639373944876429
 -1.404420655722464 -9.374281839465139 -11.83405980866337 -10.155341804105 -5.746818623717528 6.137574267875761 0.6947486302706657 -3.772035415184722 0.07750013260305662 -11.50850758469773 7.49694181788415 -15.81254743957536 10.6923912921029 -9.632407695265535 -8.603542436711898 -14.33554745822995 -2.749895621950971 -7.185951333581454 14.59255105583421 -3.589135558347543 -3.620187567028835 2.755836825902682 12.82949386709847 -7.290205884454518 6.170929360931262 10.61981924507281
 -6.976308773872597 -10.03377756911198 -5.946236815043923 -3.486747187777404 -3.746577065464701 -3.409115894503906 -8.666351226813285 -13.4585684438841 14.7235666309511 3.511653418680587 7.238291303351278 -0.5651547823331816 -10.63793050834659 7.932827672602992 -4.964766283865417 -0.7449281465561046 -4.539130300685617 9.163624726518581 6.689648782577517 2.547493977304076 -9.289027751856398 4.893712721263979 -7.68417365619289 -7.074792970663782 -9.764674216354646 -2.680217044175635
 -3.640059961266927 11.0536928437756 -7.043273893691612 12.07746512524445 -12.83794658152958 -17.52995472360615 -9.50198840939494 -9.818779099066948 -4.226647581441749 3.582842619716542 0.7486430786159968 17.43408525814539 0.2434268829696424 -11.81858219555578 6.018253480053467 -1.454566248474072 9.809297858351124 2.999965695942353 -2.545722336062415 -2.571897084005276 -7.996854522726836 -8.62616645295944 6.283357883798885 -8.934597330760749 3.42055903919162 -5.269958152136156
 -4.372937518517616 -12.83612550278047 5.925974345668807 -2.627269771553808 -2.163754057014009 4.424092842943018 8.330228091259542 -4.202894509111526 -7.116328000240231 -7.540297202378882 7.909071713214623 -3.033058225428946 -5.428772763167438 -5.139642820483973 9.292610550205588 5.678729331881837 -10.95019734702468 -14.23229730422293 -5.96107958304825 -5.787625338842299 2.057253131491577 -7.417782161826317 -0.8244787994333233 2.212304455601863 6.361438078217432 -8.018431517042515
 -8.881454502682196 1.93000591710087 -11.80381486412792 -6.191302150734765 5.788280159072521 -2.41763350669016 -7.196901493733183 -12.33838315631277 -6.690995971670393 9.343096074636183 -1.903596578363911 0.8272687492670279 8.622806057697485 2.516026109852833 -3.571840312375612 2.278849726219778 6.170185819576757 -13.5217532455521 -12.66708220475855 5.886526598690105 14.48543417139279 4.002796646485628 -8.845428964494953 8.384798950775313 -3.90790005434532 9.095277530812229
 -6.705891267577873 5.045516267103386 -10.43597925231833 3.813127391493465 7.585749748265056 1.472441868277651 -8.486670158548701 -1.386088257496917 -1.863802889484417 -16.37533599692367 -5.745041186333016 -12.98916815214608 -11.73211137546722 -6.634399066787299 7.649828132441873 -11.57498728985429 -7.45200987995773 2.43800385651888 -11.96919999779241 -8.244022967853788 -4.225958161381784 12.64819960065378 -4.885309813415334 12.26589233927141 -6.604236132289492 -5.785606860511123
 -2.29006703543504 -11.78734689890003 -4.16883475010502 -7.131666905491345 6.825325108547107 0.3479395564672951 6.824320023601042 10.95790901573554 -16.06580177817807 6.457088207608453 -15.13003644457836 -2.751782390904797 -0.5484825197389781 -2.191389257180137 2.795281447256042 5.742515381724956 -4.039022649206395 5.582504615157665 4.556348567472959 -10.32259716489073 -14.24105764107201 -12.95783682932956 -9.189716894811143 -7.883329180900461 -5.67374293759679 -10.02430583987127
 -4.778797662686636 2.368882429528752 5.657321545701147 7.516836987581531 -4.606507334000113 -5.552871672679895 4.662136462450325 4.180431946230301 -4.062412628347968 -4.348837451057471 -3.627058013055802 -1.338663477716722 -2.512423811823541 11.75624730661982 -12.73128288131088 -6.56058909588865 -5.168295080212847 -1.606838148929784 -3.873292060424833 -7.509342447857694 7.40314101389542 -1.466707495407083 -2.254631795169295 -5.245597297898022 -10.92929533556666 -4.069366192209398


